if  not game:IsLoaded() then game.Loaded:Wait();end local v0=game:GetService("Players");local v1=game:GetService("ReplicatedStorage");local v2=game:GetService("VirtualUser");local v3=game:GetService("RunService");local v4=game:GetService("HttpService");local v5=v0.LocalPlayer;local v6=v1:WaitForChild("Remotes",5);local v7=v6:WaitForChild("CommF_",5);local v8=v5:WaitForChild("PlayerGui",5);local v9=v8:WaitForChild("Main",5);local v10=0;local v11=10;local v12=tick();if ((v12-v10)>=v11) then game.StarterGui:SetCore("SendNotification",{Title="Hiru Hub",Text="Loading",Duration=5});v10=v12;end local v1=game:GetService("ReplicatedStorage");local v13=v1:FindFirstChild("Effect") and v1.Effect:FindFirstChild("Container") ;if v13 then local v631=v13:FindFirstChild("Death");if v631 then local v808,v809=pcall(require,v631);if (v808 and (type(v809)=="function")) then hookfunction(v809,function() end);end end local v632=v13:FindFirstChild("Respawn");if v632 then local v810,v811=pcall(require,v632);if (v810 and (type(v811)=="function")) then hookfunction(v811,function() end);end end end local v14=v1:FindFirstChild("GuideModule");if v14 then local v633,v634=pcall(require,v14);if (v633 and v634 and (type(v634.ChangeDisplayedNPC)=="function")) then hookfunction(v634.ChangeDisplayedNPC,function() end);end end local v1=game:GetService("ReplicatedStorage");local v15=v1:WaitForChild("Util",5);if v15 then local v635=v15:FindFirstChild("CameraShaker");if v635 then require(v635):Stop();end end local v16=game.PlaceId;local v17={[2753915549]=true,[4442272183]=true,[7449423635]=true};if v17[v16] then if (v16==2753915549) then World1=true;elseif (v16==4442272183) then World2=true;elseif (v16==7449423635) then World3=true;end else game.Players.LocalPlayer:Kick("Unsupported Game");end repeat wait();until game.Players.LocalPlayer.Character function CheckQuest() MyLevel=game:GetService("Players").LocalPlayer.Data.Level.Value;if World1 then if ((MyLevel>=1) and (MyLevel<=9)) then Mon="Bandit";LevelQuest=1;NameQuest="BanditQuest1";NameMon="Bandit";CFrameQuest=CFrame.new(1059.37195,15.4495068,1550.4231,0.939700544,"-0", -0.341998369,0,1,"-0",0.341998369,0,0.939700544);CFrameMon=CFrame.new(1045.962646484375,27.00250816345215,1560.8203125);elseif ((MyLevel>=10) and (MyLevel<=14)) then Mon="Monkey";LevelQuest=1;NameQuest="JungleQuest";NameMon="Monkey";CFrameQuest=CFrame.new( -1598.08911,35.5501175,153.377838,0,0,1,0,1,"-0", -1,0,0);CFrameMon=CFrame.new( -1448.51806640625,67.85301208496094,11.46579647064209);elseif ((MyLevel>=15) and (MyLevel<=29)) then Mon="Gorilla";LevelQuest=2;NameQuest="JungleQuest";NameMon="Gorilla";CFrameQuest=CFrame.new( -1598.08911,35.5501175,153.377838,0,0,1,0,1,"-0", -1,0,0);CFrameMon=CFrame.new( -1129.8836669921875,40.46354675292969, -525.4237060546875);elseif ((MyLevel>=30) and (MyLevel<=39)) then Mon="Pirate";LevelQuest=1;NameQuest="BuggyQuest1";NameMon="Pirate";CFrameQuest=CFrame.new( -1141.07483,4.10001802,3831.5498,0.965929627,"-0", -0.258804798,0,1,"-0",0.258804798,0,0.965929627);CFrameMon=CFrame.new( -1103.513427734375,13.752052307128906,3896.091064453125);elseif ((MyLevel>=40) and (MyLevel<=59)) then Mon="Brute";LevelQuest=2;NameQuest="BuggyQuest1";NameMon="Brute";CFrameQuest=CFrame.new( -1141.07483,4.10001802,3831.5498,0.965929627,"-0", -0.258804798,0,1,"-0",0.258804798,0,0.965929627);CFrameMon=CFrame.new( -1140.083740234375,14.809885025024414,4322.92138671875);elseif ((MyLevel>=60) and (MyLevel<=74)) then Mon="Desert Bandit";LevelQuest=1;NameQuest="DesertQuest";NameMon="Desert Bandit";CFrameQuest=CFrame.new(894.488647,5.14000702,4392.43359,0.819155693,"-0", -0.573571265,0,1,"-0",0.573571265,0,0.819155693);CFrameMon=CFrame.new(924.7998046875,6.44867467880249,4481.5859375);elseif ((MyLevel>=75) and (MyLevel<=89)) then Mon="Desert Officer";LevelQuest=2;NameQuest="DesertQuest";NameMon="Desert Officer";CFrameQuest=CFrame.new(894.488647,5.14000702,4392.43359,0.819155693,"-0", -0.573571265,0,1,"-0",0.573571265,0,0.819155693);CFrameMon=CFrame.new(1608.2822265625,8.614224433898926,4371.00732421875);elseif ((MyLevel>=90) and (MyLevel<=99)) then Mon="Snow Bandit";LevelQuest=1;NameQuest="SnowQuest";NameMon="Snow Bandit";CFrameQuest=CFrame.new(1389.74451,88.1519318, -1298.90796, -0.342042685,0,0.939684391,0,1,0, -0.939684391,0, -0.342042685);CFrameMon=CFrame.new(1354.347900390625,87.27277374267578, -1393.946533203125);elseif ((MyLevel>=100) and (MyLevel<=119)) then Mon="Snowman";LevelQuest=2;NameQuest="SnowQuest";NameMon="Snowman";CFrameQuest=CFrame.new(1389.74451,88.1519318, -1298.90796, -0.342042685,0,0.939684391,0,1,0, -0.939684391,0, -0.342042685);CFrameMon=CFrame.new(1201.6412353515625,144.57958984375, -1550.0670166015625);elseif ((MyLevel>=120) and (MyLevel<=149)) then Mon="Chief Petty Officer";LevelQuest=1;NameQuest="MarineQuest2";NameMon="Chief Petty Officer";CFrameQuest=CFrame.new( -5039.58643,27.3500385,4324.68018,0,0, -1,0,1,0,1,0,0);CFrameMon=CFrame.new( -4881.23095703125,22.65204429626465,4273.75244140625);elseif ((MyLevel>=150) and (MyLevel<=174)) then Mon="Sky Bandit";LevelQuest=1;NameQuest="SkyQuest";NameMon="Sky Bandit";CFrameQuest=CFrame.new( -4839.53027,716.368591, -2619.44165,0.866007268,0,0.500031412,0,1,0, -0.500031412,0,0.866007268);CFrameMon=CFrame.new( -4953.20703125,295.74420166015625, -2899.22900390625);elseif ((MyLevel>=175) and (MyLevel<=189)) then Mon="Dark Master";LevelQuest=2;NameQuest="SkyQuest";NameMon="Dark Master";CFrameQuest=CFrame.new( -4839.53027,716.368591, -2619.44165,0.866007268,0,0.500031412,0,1,0, -0.500031412,0,0.866007268);CFrameMon=CFrame.new( -5259.8447265625,391.3976745605469, -2229.035400390625);elseif ((MyLevel>=190) and (MyLevel<=209)) then Mon="Prisoner";LevelQuest=1;NameQuest="PrisonerQuest";NameMon="Prisoner";CFrameQuest=CFrame.new(5308.93115,1.65517521,475.120514, -0.0894274712, -5.002929e-9, -0.995993316,1.6081786e-9,1, -5.1674487e-9,0.995993316, -2.063847e-9, -0.0894274712);CFrameMon=CFrame.new(5098.9736328125, -0.3204058110713959,474.2373352050781);elseif ((MyLevel>=210) and (MyLevel<=249)) then Mon="Dangerous Prisoner";LevelQuest=2;NameQuest="PrisonerQuest";NameMon="Dangerous Prisoner";CFrameQuest=CFrame.new(5308.93115,1.65517521,475.120514, -0.0894274712, -5.002929e-9, -0.995993316,1.6081786e-9,1, -5.1674487e-9,0.995993316, -2.063847e-9, -0.0894274712);CFrameMon=CFrame.new(5654.5634765625,15.633401870727539,866.2991943359375);elseif ((MyLevel>=250) and (MyLevel<=274)) then Mon="Toga Warrior";LevelQuest=1;NameQuest="ColosseumQuest";NameMon="Toga Warrior";CFrameQuest=CFrame.new( -1580.04663,6.35000277, -2986.47534, -0.515037298,0, -0.857167721,0,1,0,0.857167721,0, -0.515037298);CFrameMon=CFrame.new( -1820.21484375,51.68385696411133, -2740.6650390625);elseif ((MyLevel>=275) and (MyLevel<=299)) then Mon="Gladiator";LevelQuest=2;NameQuest="ColosseumQuest";NameMon="Gladiator";CFrameQuest=CFrame.new( -1580.04663,6.35000277, -2986.47534, -0.515037298,0, -0.857167721,0,1,0,0.857167721,0, -0.515037298);CFrameMon=CFrame.new( -1292.838134765625,56.380882263183594, -3339.031494140625);elseif ((MyLevel>=300) and (MyLevel<=324)) then Mon="Military Soldier";LevelQuest=1;NameQuest="MagmaQuest";NameMon="Military Soldier";CFrameQuest=CFrame.new( -5313.37012,10.9500084,8515.29395, -0.499959469,0,0.866048813,0,1,0, -0.866048813,0, -0.499959469);CFrameMon=CFrame.new( -5411.16455078125,11.081554412841797,8454.29296875);elseif ((MyLevel>=325) and (MyLevel<=374)) then Mon="Military Spy";LevelQuest=2;NameQuest="MagmaQuest";NameMon="Military Spy";CFrameQuest=CFrame.new( -5313.37012,10.9500084,8515.29395, -0.499959469,0,0.866048813,0,1,0, -0.866048813,0, -0.499959469);CFrameMon=CFrame.new( -5802.8681640625,86.26241302490234,8828.859375);elseif ((MyLevel>=375) and (MyLevel<=399)) then Mon="Fishman Warrior";LevelQuest=1;NameQuest="FishmanQuest";NameMon="Fishman Warrior";CFrameQuest=CFrame.new(61122.65234375,18.497442245483,1569.3997802734);CFrameMon=CFrame.new(60878.30078125,18.482830047607422,1543.7574462890625);if (getgenv().AutoFarm and ((CFrameQuest.Position-game.Players.LocalPlayer.Character.HumanoidRootPart.Position).Magnitude>10000)) then game:GetService("ReplicatedStorage").Remotes.CommF_:InvokeServer("requestEntrance",Vector3.new(61163.8515625,11.6796875,1819.7841796875));end elseif ((MyLevel>=400) and (MyLevel<=449)) then Mon="Fishman Commando";LevelQuest=2;NameQuest="FishmanQuest";NameMon="Fishman Commando";CFrameQuest=CFrame.new(61122.65234375,18.497442245483,1569.3997802734);CFrameMon=CFrame.new(61922.6328125,18.482830047607422,1493.934326171875);if (getgenv().AutoFarm and ((CFrameQuest.Position-game.Players.LocalPlayer.Character.HumanoidRootPart.Position).Magnitude>10000)) then game:GetService("ReplicatedStorage").Remotes.CommF_:InvokeServer("requestEntrance",Vector3.new(61163.8515625,11.6796875,1819.7841796875));end elseif ((MyLevel>=450) and (MyLevel<=474)) then Mon="God's Guard";LevelQuest=1;NameQuest="SkyExp1Quest";NameMon="God's Guard";CFrameQuest=CFrame.new( -4721.88867,843.874695, -1949.96643,0.996191859,"-0", -0.0871884301,0,1,"-0",0.0871884301,0,0.996191859);CFrameMon=CFrame.new( -4710.04296875,845.2769775390625, -1927.3079833984375);if (getgenv().AutoFarm and ((CFrameQuest.Position-game.Players.LocalPlayer.Character.HumanoidRootPart.Position).Magnitude>10000)) then game:GetService("ReplicatedStorage").Remotes.CommF_:InvokeServer("requestEntrance",Vector3.new( -4607.82275,872.54248, -1667.55688));end elseif ((MyLevel>=475) and (MyLevel<=524)) then Mon="Shanda";LevelQuest=2;NameQuest="SkyExp1Quest";NameMon="Shanda";CFrameQuest=CFrame.new( -7859.09814,5544.19043, -381.476196, -0.422592998,0,0.906319618,0,1,0, -0.906319618,0, -0.422592998);CFrameMon=CFrame.new( -7678.48974609375,5566.40380859375, -497.2156066894531);if (getgenv().AutoFarm and ((CFrameQuest.Position-game.Players.LocalPlayer.Character.HumanoidRootPart.Position).Magnitude>10000)) then game:GetService("ReplicatedStorage").Remotes.CommF_:InvokeServer("requestEntrance",Vector3.new( -7894.6176757813,5547.1416015625, -380.29119873047));end elseif ((MyLevel>=525) and (MyLevel<=549)) then Mon="Royal Squad";LevelQuest=1;NameQuest="SkyExp2Quest";NameMon="Royal Squad";CFrameQuest=CFrame.new( -7906.81592,5634.6626, -1411.99194,0,0, -1,0,1,0,1,0,0);CFrameMon=CFrame.new( -7624.25244140625,5658.13330078125, -1467.354248046875);elseif ((MyLevel>=550) and (MyLevel<=624)) then Mon="Royal Soldier";LevelQuest=2;NameQuest="SkyExp2Quest";NameMon="Royal Soldier";CFrameQuest=CFrame.new( -7906.81592,5634.6626, -1411.99194,0,0, -1,0,1,0,1,0,0);CFrameMon=CFrame.new( -7836.75341796875,5645.6640625, -1790.6236572265625);elseif ((MyLevel>=625) and (MyLevel<=649)) then Mon="Galley Pirate";LevelQuest=1;NameQuest="FountainQuest";NameMon="Galley Pirate";CFrameQuest=CFrame.new(5259.81982,37.3500175,4050.0293,0.087131381,0,0.996196866,0,1,0, -0.996196866,0,0.087131381);CFrameMon=CFrame.new(5551.02197265625,78.90135192871094,3930.412841796875);elseif (MyLevel>=650) then Mon="Galley Captain";LevelQuest=2;NameQuest="FountainQuest";NameMon="Galley Captain";CFrameQuest=CFrame.new(5259.81982,37.3500175,4050.0293,0.087131381,0,0.996196866,0,1,0, -0.996196866,0,0.087131381);CFrameMon=CFrame.new(5441.95166015625,42.50205993652344,4950.09375);end elseif World2 then if ((MyLevel>=700) and (MyLevel<=724)) then Mon="Raider";LevelQuest=1;NameQuest="Area1Quest";NameMon="Raider";CFrameQuest=CFrame.new( -429.543518,71.7699966,1836.18188, -0.22495985,0, -0.974368095,0,1,0,0.974368095,0, -0.22495985);CFrameMon=CFrame.new( -728.3267211914062,52.779319763183594,2345.7705078125);elseif ((MyLevel>=725) and (MyLevel<=774)) then Mon="Mercenary";LevelQuest=2;NameQuest="Area1Quest";NameMon="Mercenary";CFrameQuest=CFrame.new( -429.543518,71.7699966,1836.18188, -0.22495985,0, -0.974368095,0,1,0,0.974368095,0, -0.22495985);CFrameMon=CFrame.new( -1004.3244018554688,80.15886688232422,1424.619384765625);elseif ((MyLevel>=775) and (MyLevel<=799)) then Mon="Swan Pirate";LevelQuest=1;NameQuest="Area2Quest";NameMon="Swan Pirate";CFrameQuest=CFrame.new(638.43811,71.769989,918.282898,0.139203906,0,0.99026376,0,1,0, -0.99026376,0,0.139203906);CFrameMon=CFrame.new(1068.664306640625,137.61428833007812,1322.1060791015625);elseif ((MyLevel>=800) and (MyLevel<=874)) then Mon="Factory Staff";NameQuest="Area2Quest";LevelQuest=2;NameMon="Factory Staff";CFrameQuest=CFrame.new(632.698608,73.1055908,918.666321, -0.0319722369,8.960749e-10, -0.999488771,1.3632653e-10,1,8.9217234e-10,0.999488771, -1.0773209e-10, -0.0319722369);CFrameMon=CFrame.new(73.07867431640625,81.86344146728516, -27.470672607421875);elseif ((MyLevel>=875) and (MyLevel<=899)) then Mon="Marine Lieutenant";LevelQuest=1;NameQuest="MarineQuest3";NameMon="Marine Lieutenant";CFrameQuest=CFrame.new( -2440.79639,71.7140732, -3216.06812,0.866007268,0,0.500031412,0,1,0, -0.500031412,0,0.866007268);CFrameMon=CFrame.new( -2821.372314453125,75.89727783203125, -3070.089111328125);elseif ((MyLevel>=900) and (MyLevel<=949)) then Mon="Marine Captain";LevelQuest=2;NameQuest="MarineQuest3";NameMon="Marine Captain";CFrameQuest=CFrame.new( -2440.79639,71.7140732, -3216.06812,0.866007268,0,0.500031412,0,1,0, -0.500031412,0,0.866007268);CFrameMon=CFrame.new( -1861.2310791015625,80.17658233642578, -3254.697509765625);elseif ((MyLevel>=950) and (MyLevel<=974)) then Mon="Zombie";LevelQuest=1;NameQuest="ZombieQuest";NameMon="Zombie";CFrameQuest=CFrame.new( -5497.06152,47.5923004, -795.237061, -0.29242146,0, -0.95628953,0,1,0,0.95628953,0, -0.29242146);CFrameMon=CFrame.new( -5657.77685546875,78.96973419189453, -928.68701171875);elseif ((MyLevel>=975) and (MyLevel<=999)) then Mon="Vampire";LevelQuest=2;NameQuest="ZombieQuest";NameMon="Vampire";CFrameQuest=CFrame.new( -5497.06152,47.5923004, -795.237061, -0.29242146,0, -0.95628953,0,1,0,0.95628953,0, -0.29242146);CFrameMon=CFrame.new( -6037.66796875,32.18463897705078, -1340.6597900390625);elseif ((MyLevel>=1000) and (MyLevel<=1049)) then Mon="Snow Trooper";LevelQuest=1;NameQuest="SnowMountainQuest";NameMon="Snow Trooper";CFrameQuest=CFrame.new(609.858826,400.119904, -5372.25928, -0.374604106,0,0.92718488,0,1,0, -0.92718488,0, -0.374604106);CFrameMon=CFrame.new(549.1473388671875,427.3870544433594, -5563.69873046875);elseif ((MyLevel>=1050) and (MyLevel<=1099)) then Mon="Winter Warrior";LevelQuest=2;NameQuest="SnowMountainQuest";NameMon="Winter Warrior";CFrameQuest=CFrame.new(609.858826,400.119904, -5372.25928, -0.374604106,0,0.92718488,0,1,0, -0.92718488,0, -0.374604106);CFrameMon=CFrame.new(1142.7451171875,475.6398010253906, -5199.41650390625);elseif ((MyLevel>=1100) and (MyLevel<=1124)) then Mon="Lab Subordinate";LevelQuest=1;NameQuest="IceSideQuest";NameMon="Lab Subordinate";CFrameQuest=CFrame.new( -6064.06885,15.2422857, -4902.97852,0.453972578,"-0", -0.891015649,0,1,"-0",0.891015649,0,0.453972578);CFrameMon=CFrame.new( -5707.4716796875,15.951709747314453, -4513.39208984375);elseif ((MyLevel>=1125) and (MyLevel<=1174)) then Mon="Horned Warrior";LevelQuest=2;NameQuest="IceSideQuest";NameMon="Horned Warrior";CFrameQuest=CFrame.new( -6064.06885,15.2422857, -4902.97852,0.453972578,"-0", -0.891015649,0,1,"-0",0.891015649,0,0.453972578);CFrameMon=CFrame.new( -6341.36669921875,15.951770782470703, -5723.162109375);elseif ((MyLevel>=1175) and (MyLevel<=1199)) then Mon="Magma Ninja";LevelQuest=1;NameQuest="FireSideQuest";NameMon="Magma Ninja";CFrameQuest=CFrame.new( -5428.03174,15.0622921, -5299.43457, -0.882952213,0,0.469463557,0,1,0, -0.469463557,0, -0.882952213);CFrameMon=CFrame.new( -5449.6728515625,76.65874481201172, -5808.20068359375);elseif ((MyLevel>=1200) and (MyLevel<=1249)) then Mon="Lava Pirate";LevelQuest=2;NameQuest="FireSideQuest";NameMon="Lava Pirate";CFrameQuest=CFrame.new( -5428.03174,15.0622921, -5299.43457, -0.882952213,0,0.469463557,0,1,0, -0.469463557,0, -0.882952213);CFrameMon=CFrame.new( -5213.33154296875,49.73788070678711, -4701.451171875);elseif ((MyLevel>=1250) and (MyLevel<=1274)) then Mon="Ship Deckhand";LevelQuest=1;NameQuest="ShipQuest1";NameMon="Ship Deckhand";CFrameQuest=CFrame.new(1037.80127,125.092171,32911.6016);CFrameMon=CFrame.new(1212.0111083984375,150.79205322265625,33059.24609375);if (getgenv().AutoFarm and ((CFrameQuest.Position-game.Players.LocalPlayer.Character.HumanoidRootPart.Position).Magnitude>10000)) then game:GetService("ReplicatedStorage").Remotes.CommF_:InvokeServer("requestEntrance",Vector3.new(923.21252441406,126.9760055542,32852.83203125));end elseif ((MyLevel>=1275) and (MyLevel<=1299)) then Mon="Ship Engineer";LevelQuest=2;NameQuest="ShipQuest1";NameMon="Ship Engineer";CFrameQuest=CFrame.new(1037.80127,125.092171,32911.6016);CFrameMon=CFrame.new(919.4786376953125,43.54401397705078,32779.96875);if (getgenv().AutoFarm and ((CFrameQuest.Position-game.Players.LocalPlayer.Character.HumanoidRootPart.Position).Magnitude>10000)) then game:GetService("ReplicatedStorage").Remotes.CommF_:InvokeServer("requestEntrance",Vector3.new(923.21252441406,126.9760055542,32852.83203125));end elseif ((MyLevel>=1300) and (MyLevel<=1324)) then Mon="Ship Steward";LevelQuest=1;NameQuest="ShipQuest2";NameMon="Ship Steward";CFrameQuest=CFrame.new(968.80957,125.092171,33244.125);CFrameMon=CFrame.new(919.4385375976562,129.55599975585938,33436.03515625);if (getgenv().AutoFarm and ((CFrameQuest.Position-game.Players.LocalPlayer.Character.HumanoidRootPart.Position).Magnitude>10000)) then game:GetService("ReplicatedStorage").Remotes.CommF_:InvokeServer("requestEntrance",Vector3.new(923.21252441406,126.9760055542,32852.83203125));end elseif ((MyLevel>=1325) and (MyLevel<=1349)) then Mon="Ship Officer";LevelQuest=2;NameQuest="ShipQuest2";NameMon="Ship Officer";CFrameQuest=CFrame.new(968.80957,125.092171,33244.125);CFrameMon=CFrame.new(1036.0179443359375,181.4390411376953,33315.7265625);if (getgenv().AutoFarm and ((CFrameQuest.Position-game.Players.LocalPlayer.Character.HumanoidRootPart.Position).Magnitude>10000)) then game:GetService("ReplicatedStorage").Remotes.CommF_:InvokeServer("requestEntrance",Vector3.new(923.21252441406,126.9760055542,32852.83203125));end elseif ((MyLevel>=1350) and (MyLevel<=1374)) then Mon="Arctic Warrior";LevelQuest=1;NameQuest="FrostQuest";NameMon="Arctic Warrior";CFrameQuest=CFrame.new(5667.6582,26.7997818, -6486.08984, -0.933587909,0, -0.358349502,0,1,0,0.358349502,0, -0.933587909);CFrameMon=CFrame.new(5966.24609375,62.97002029418945, -6179.3828125);if (getgenv().AutoFarm and ((CFrameQuest.Position-game.Players.LocalPlayer.Character.HumanoidRootPart.Position).Magnitude>10000)) then game:GetService("ReplicatedStorage").Remotes.CommF_:InvokeServer("requestEntrance",Vector3.new( -6508.5581054688,5000.034996032715, -132.83953857422));end elseif ((MyLevel>=1375) and (MyLevel<=1424)) then Mon="Snow Lurker";LevelQuest=2;NameQuest="FrostQuest";NameMon="Snow Lurker";CFrameQuest=CFrame.new(5667.6582,26.7997818, -6486.08984, -0.933587909,0, -0.358349502,0,1,0,0.358349502,0, -0.933587909);CFrameMon=CFrame.new(5407.07373046875,69.19437408447266, -6880.88037109375);elseif ((MyLevel>=1425) and (MyLevel<=1449)) then Mon="Sea Soldier";LevelQuest=1;NameQuest="ForgottenQuest";NameMon="Sea Soldier";CFrameQuest=CFrame.new( -3054.44458,235.544281, -10142.8193,0.990270376,"-0", -0.13915664,0,1,"-0",0.13915664,0,0.990270376);CFrameMon=CFrame.new( -3028.2236328125,64.67451477050781, -9775.4267578125);elseif (MyLevel>=1450) then Mon="Water Fighter";LevelQuest=2;NameQuest="ForgottenQuest";NameMon="Water Fighter";CFrameQuest=CFrame.new( -3054,240, -10146);CFrameMon=CFrame.new( -3291,252, -10501);end elseif World3 then if ((MyLevel>=1500) and (MyLevel<=1524)) then Mon="Pirate Millionaire";LevelQuest=1;NameQuest="PiratePortQuest";NameMon="Pirate Millionaire";CFrameQuest=CFrame.new( -290.074677,42.9034653,5581.58984,0.965929627,"-0", -0.258804798,0,1,"-0",0.258804798,0,0.965929627);CFrameMon=CFrame.new( -245.9963836669922,47.30615234375,5584.1005859375);elseif ((MyLevel>=1525) and (MyLevel<=1574)) then Mon="Pistol Billionaire";LevelQuest=2;NameQuest="PiratePortQuest";NameMon="Pistol Billionaire";CFrameQuest=CFrame.new( -290.074677,42.9034653,5581.58984,0.965929627,"-0", -0.258804798,0,1,"-0",0.258804798,0,0.965929627);CFrameMon=CFrame.new( -187.3301544189453,86.23987579345703,6013.513671875);elseif ((MyLevel>=1575) and (MyLevel<=1599)) then Mon="Dragon Crew Warrior";LevelQuest=1;NameQuest="DragonCrewQuest";NameMon="Dragon Crew Warrior";CFrameQuest=CFrame.new(6738.96142578125,127.81645965576172, -713.511474609375);CFrameMon=CFrame.new(6920.71435546875,56.15597152709961, -942.5044555664062);elseif ((MyLevel>=1600) and (MyLevel<=1624)) then Mon="Dragon Crew Archer";NameQuest="DragonCrewQuest";LevelQuest=2;NameMon="Dragon Crew Archer";CFrameQuest=CFrame.new(6738.96142578125,127.81645965576172, -713.511474609375);CFrameMon=CFrame.new(6817.91259765625,484.804443359375,513.4141235351562);elseif ((MyLevel>=1625) and (MyLevel<=1649)) then Mon="Hydra Enforcer";NameQuest="VenomCrewQuest";LevelQuest=1;NameMon="Hydra Enforcer";CFrameQuest=CFrame.new(5213.8740234375,1004.5042724609375,758.6944580078125);CFrameMon=CFrame.new(4584.69287109375,1002.6435546875,705.7958984375);elseif ((MyLevel>=1650) and (MyLevel<=1699)) then Mon="Venomous Assailant";NameQuest="VenomCrewQuest";LevelQuest=2;NameMon="Venomous Assailant";CFrameQuest=CFrame.new(5213.8740234375,1004.5042724609375,758.6944580078125);CFrameMon=CFrame.new(4638.78564453125,1078.94091796875,881.8002319335938);elseif ((MyLevel>=1700) and (MyLevel<=1724)) then Mon="Marine Commodore";LevelQuest=1;NameQuest="MarineTreeIsland";NameMon="Marine Commodore";CFrameQuest=CFrame.new(2180.54126,27.8156815, -6741.5498, -0.965929747,0,0.258804798,0,1,0, -0.258804798,0, -0.965929747);CFrameMon=CFrame.new(2286.0078125,73.13391876220703, -7159.80908203125);elseif ((MyLevel>=1725) and (MyLevel<=1774)) then Mon="Marine Rear Admiral";NameMon="Marine Rear Admiral";NameQuest="MarineTreeIsland";LevelQuest=2;CFrameQuest=CFrame.new(2179.98828125,28.731239318848, -6740.0551757813);CFrameMon=CFrame.new(3656.773681640625,160.52406311035156, -7001.5986328125);elseif ((MyLevel>=1775) and (MyLevel<=1799)) then Mon="Fishman Raider";LevelQuest=1;NameQuest="DeepForestIsland3";NameMon="Fishman Raider";CFrameQuest=CFrame.new( -10581.6563,330.872955, -8761.18652, -0.882952213,0,0.469463557,0,1,0, -0.469463557,0, -0.882952213);CFrameMon=CFrame.new( -10407.5263671875,331.76263427734375, -8368.5166015625);elseif ((MyLevel>=1800) and (MyLevel<=1824)) then Mon="Fishman Captain";LevelQuest=2;NameQuest="DeepForestIsland3";NameMon="Fishman Captain";CFrameQuest=CFrame.new( -10581.6563,330.872955, -8761.18652, -0.882952213,0,0.469463557,0,1,0, -0.469463557,0, -0.882952213);CFrameMon=CFrame.new( -10994.701171875,352.38140869140625, -9002.1103515625);elseif ((MyLevel>=1825) and (MyLevel<=1849)) then Mon="Forest Pirate";LevelQuest=1;NameQuest="DeepForestIsland";NameMon="Forest Pirate";CFrameQuest=CFrame.new( -13234.04,331.488495, -7625.40137,0.707134247,"-0", -0.707079291,0,1,"-0",0.707079291,0,0.707134247);CFrameMon=CFrame.new( -13274.478515625,332.3781433105469, -7769.58056640625);elseif ((MyLevel>=1850) and (MyLevel<=1899)) then Mon="Mythological Pirate";LevelQuest=2;NameQuest="DeepForestIsland";NameMon="Mythological Pirate";CFrameQuest=CFrame.new( -13234.04,331.488495, -7625.40137,0.707134247,"-0", -0.707079291,0,1,"-0",0.707079291,0,0.707134247);CFrameMon=CFrame.new( -13680.607421875,501.08154296875, -6991.189453125);elseif ((MyLevel>=1900) and (MyLevel<=1924)) then Mon="Jungle Pirate";LevelQuest=1;NameQuest="DeepForestIsland2";NameMon="Jungle Pirate";CFrameQuest=CFrame.new( -12680.3818,389.971039, -9902.01953, -0.0871315002,0,0.996196866,0,1,0, -0.996196866,0, -0.0871315002);CFrameMon=CFrame.new( -12256.16015625,331.73828125, -10485.8369140625);elseif ((MyLevel>=1925) and (MyLevel<=1974)) then Mon="Musketeer Pirate";LevelQuest=2;NameQuest="DeepForestIsland2";NameMon="Musketeer Pirate";CFrameQuest=CFrame.new( -12680.3818,389.971039, -9902.01953, -0.0871315002,0,0.996196866,0,1,0, -0.996196866,0, -0.0871315002);CFrameMon=CFrame.new( -13457.904296875,391.545654296875, -9859.177734375);elseif ((MyLevel>=1975) and (MyLevel<=1999)) then Mon="Reborn Skeleton";LevelQuest=1;NameQuest="HauntedQuest1";NameMon="Reborn Skeleton";CFrameQuest=CFrame.new( -9479.2168,141.215088,5566.09277,0,0,1,0,1,"-0", -1,0,0);CFrameMon=CFrame.new( -8763.7236328125,165.72299194335938,6159.86181640625);elseif ((MyLevel>=2000) and (MyLevel<=2024)) then Mon="Living Zombie";LevelQuest=2;NameQuest="HauntedQuest1";NameMon="Living Zombie";CFrameQuest=CFrame.new( -9479.2168,141.215088,5566.09277,0,0,1,0,1,"-0", -1,0,0);CFrameMon=CFrame.new( -10144.1318359375,138.62667846679688,5838.0888671875);elseif ((MyLevel>=2025) and (MyLevel<=2049)) then Mon="Demonic Soul";LevelQuest=1;NameQuest="HauntedQuest2";NameMon="Demonic Soul";CFrameQuest=CFrame.new( -9516.99316,172.017181,6078.46533,0,0, -1,0,1,0,1,0,0);CFrameMon=CFrame.new( -9505.8720703125,172.10482788085938,6158.9931640625);elseif ((MyLevel>=2050) and (MyLevel<=2074)) then Mon="Posessed Mummy";LevelQuest=2;NameQuest="HauntedQuest2";NameMon="Posessed Mummy";CFrameQuest=CFrame.new( -9516.99316,172.017181,6078.46533,0,0, -1,0,1,0,1,0,0);CFrameMon=CFrame.new( -9582.0224609375,6.251527309417725,6205.478515625);elseif ((MyLevel>=2075) and (MyLevel<=2099)) then Mon="Peanut Scout";LevelQuest=1;NameQuest="NutsIslandQuest";NameMon="Peanut Scout";CFrameQuest=CFrame.new( -2104.3908691406,38.104167938232, -10194.21875,0,0, -1,0,1,0,1,0,0);CFrameMon=CFrame.new( -2143.241943359375,47.72198486328125, -10029.9951171875);elseif ((MyLevel>=2100) and (MyLevel<=2124)) then Mon="Peanut President";LevelQuest=2;NameQuest="NutsIslandQuest";NameMon="Peanut President";CFrameQuest=CFrame.new( -2104.3908691406,38.104167938232, -10194.21875,0,0, -1,0,1,0,1,0,0);CFrameMon=CFrame.new( -1859.35400390625,38.10316848754883, -10422.4296875);elseif ((MyLevel>=2125) and (MyLevel<=2149)) then Mon="Ice Cream Chef";LevelQuest=1;NameQuest="IceCreamIslandQuest";NameMon="Ice Cream Chef";CFrameQuest=CFrame.new( -820.64825439453,65.819526672363, -10965.795898438,0,0, -1,0,1,0,1,0,0);CFrameMon=CFrame.new( -872.24658203125,65.81957244873047, -10919.95703125);elseif ((MyLevel>=2150) and (MyLevel<=2199)) then Mon="Ice Cream Commander";LevelQuest=2;NameQuest="IceCreamIslandQuest";NameMon="Ice Cream Commander";CFrameQuest=CFrame.new( -820.64825439453,65.819526672363, -10965.795898438,0,0, -1,0,1,0,1,0,0);CFrameMon=CFrame.new( -558.06103515625,112.04895782470703, -11290.7744140625);elseif ((MyLevel>=2200) and (MyLevel<=2224)) then Mon="Cookie Crafter";LevelQuest=1;NameQuest="CakeQuest1";NameMon="Cookie Crafter";CFrameQuest=CFrame.new( -2021.32007,37.7982254, -12028.7295,0.957576931, -8.8030205e-8,0.288177818,6.930119e-8,1,7.519312e-8, -0.288177818, -5.2032135e-8,0.957576931);CFrameMon=CFrame.new( -2374.13671875,37.79826354980469, -12125.30859375);elseif ((MyLevel>=2225) and (MyLevel<=2249)) then Mon="Cake Guard";LevelQuest=2;NameQuest="CakeQuest1";NameMon="Cake Guard";CFrameQuest=CFrame.new( -2021.32007,37.7982254, -12028.7295,0.957576931, -8.8030205e-8,0.288177818,6.930119e-8,1,7.519312e-8, -0.288177818, -5.2032135e-8,0.957576931);CFrameMon=CFrame.new( -1598.3070068359375,43.773197174072266, -12244.5810546875);elseif ((MyLevel>=2250) and (MyLevel<=2274)) then Mon="Baking Staff";LevelQuest=1;NameQuest="CakeQuest2";NameMon="Baking Staff";CFrameQuest=CFrame.new( -1927.91602,37.7981339, -12842.5391, -0.96804446,4.2214214e-8,0.250778586,4.7491106e-8,1,1.4990471e-8, -0.250778586,2.6421194e-8, -0.96804446);CFrameMon=CFrame.new( -1887.8099365234375,77.6185073852539, -12998.3505859375);elseif ((MyLevel>=2275) and (MyLevel<=2299)) then Mon="Head Baker";LevelQuest=2;NameQuest="CakeQuest2";NameMon="Head Baker";CFrameQuest=CFrame.new( -1927.91602,37.7981339, -12842.5391, -0.96804446,4.2214214e-8,0.250778586,4.7491106e-8,1,1.4990471e-8, -0.250778586,2.6421194e-8, -0.96804446);CFrameMon=CFrame.new( -2216.188232421875,82.884521484375, -12869.2939453125);elseif ((MyLevel>=2300) and (MyLevel<=2324)) then Mon="Cocoa Warrior";LevelQuest=1;NameQuest="ChocQuest1";NameMon="Cocoa Warrior";CFrameQuest=CFrame.new(233.22836303710938,29.876001358032227, -12201.2333984375);CFrameMon=CFrame.new( -21.55328369140625,80.57499694824219, -12352.3876953125);elseif ((MyLevel>=2325) and (MyLevel<=2349)) then Mon="Chocolate Bar Battler";LevelQuest=2;NameQuest="ChocQuest1";NameMon="Chocolate Bar Battler";CFrameQuest=CFrame.new(233.22836303710938,29.876001358032227, -12201.2333984375);CFrameMon=CFrame.new(582.590576171875,77.18809509277344, -12463.162109375);elseif ((MyLevel>=2350) and (MyLevel<=2374)) then Mon="Sweet Thief";LevelQuest=1;NameQuest="ChocQuest2";NameMon="Sweet Thief";CFrameQuest=CFrame.new(150.5066375732422,30.693693161010742, -12774.5029296875);CFrameMon=CFrame.new(165.1884765625,76.05885314941406, -12600.8369140625);elseif ((MyLevel>=2375) and (MyLevel<=2399)) then Mon="Candy Rebel";LevelQuest=2;NameQuest="ChocQuest2";NameMon="Candy Rebel";CFrameQuest=CFrame.new(150.5066375732422,30.693693161010742, -12774.5029296875);CFrameMon=CFrame.new(134.86563110351562,77.2476806640625, -12876.5478515625);elseif ((MyLevel>=2400) and (MyLevel<=2424)) then Mon="Candy Pirate";LevelQuest=1;NameQuest="CandyQuest1";NameMon="Candy Pirate";CFrameQuest=CFrame.new( -1150.0400390625,20.378934860229492, -14446.3349609375);CFrameMon=CFrame.new( -1310.5003662109375,26.016523361206055, -14562.404296875);elseif ((MyLevel>=2425) and (MyLevel<=2449)) then Mon="Snow Demon";LevelQuest=2;NameQuest="CandyQuest1";NameMon="Snow Demon";CFrameQuest=CFrame.new( -1150.0400390625,20.378934860229492, -14446.3349609375);CFrameMon=CFrame.new( -880.2006225585938,71.24776458740234, -14538.609375);elseif ((MyLevel>=2450) and (MyLevel<=2474)) then Mon="Isle Outlaw";LevelQuest=1;NameQuest="TikiQuest1";NameMon="Isle Outlaw";CFrameQuest=CFrame.new( -16547.748046875,61.13533401489258, -173.41360473632812);CFrameMon=CFrame.new( -16442.814453125,116.13899993896484, -264.4637756347656);elseif ((MyLevel>=2475) and (MyLevel<=2524)) then Mon="Island Boy";LevelQuest=2;NameQuest="TikiQuest1";NameMon="Island Boy";CFrameQuest=CFrame.new( -16547.748046875,61.13533401489258, -173.41360473632812);CFrameMon=CFrame.new( -16901.26171875,84.06756591796875, -192.88906860351562);elseif ((MyLevel>=2525) and (MyLevel<=2550)) then Mon="Isle Champion";LevelQuest=2;NameQuest="TikiQuest2";NameMon="Isle Champion";CFrameQuest=CFrame.new( -16539.078125,55.68632888793945,1051.5738525390625);CFrameMon=CFrame.new( -16641.6796875,235.7825469970703,1031.282958984375);elseif ((MyLevel>=2550) and (MyLevel<=2574)) then Mon="Serpent Hunter";LevelQuest=1;NameQuest="TikiQuest3";NameMon="Serpent Hunter";CFrameQuest=CFrame.new( -16665.1914,104.596405,1579.69434,0.951068401,"-0", -0.308980465,0,1,"-0",0.308980465,0,0.951068401);CFrameMon=CFrame.new( -16521.0625,106.09285,1488.78467,0.469467044,0,0.882950008,0,1,0, -0.882950008,0,0.469467044);elseif (MyLevel>=2575) then Mon="Skull Slayer";LevelQuest=2;NameQuest="TikiQuest3";NameMon="Skull Slayer";CFrameQuest=CFrame.new( -16665.1914,104.596405,1579.69434,0.951068401,"-0", -0.308980465,0,1,"-0",0.308980465,0,0.951068401);CFrameMon=CFrame.new( -16855.043,122.457253,1478.15308, -0.999392271,0, -0.0348687991,0,1,0,0.0348687991,0, -0.999392271);end end end function MaterialMon() local v97=game.Players.LocalPlayer;local v98=v97.Character and v97.Character:FindFirstChild("HumanoidRootPart") ;if  not v98 then return;end local function v99(v636,v637) local v638=(v98.Position-v636).Magnitude;if (v638>=v637) then game:GetService("ReplicatedStorage").Remotes.CommF_:InvokeServer("requestEntrance",v636);end end if World1 then if (SelectMaterial=="Angel Wings") then MMon={"Shanda","Royal Squad","Royal Soldier","Wysper","Thunder God"};MPos=CFrame.new( -4698,845, -1912);SP="Default";local v905=Vector3.new( -4607.82275,872.54248, -1667.55688);v99(v905,10000);elseif (SelectMaterial=="Leather + Scrap Metal") then MMon={"Brute","Pirate"};MPos=CFrame.new( -1145,15,4350);SP="Default";elseif (SelectMaterial=="Magma Ore") then MMon={"Military Soldier","Military Spy","Magma Admiral"};MPos=CFrame.new( -5815,84,8820);SP="Default";elseif (SelectMaterial=="Fish Tail") then MMon={"Fishman Warrior","Fishman Commando","Fishman Lord"};MPos=CFrame.new(61123,19,1569);SP="Default";local v1569=Vector3.new(61163.8515625,5.342342376708984,1819.7841796875);v99(v1569,17000);end elseif World2 then if (SelectMaterial=="Leather + Scrap Metal") then MMon={"Marine Captain"};MPos=CFrame.new( -2010.5059814453125,73.00115966796875, -3326.620849609375);SP="Default";elseif (SelectMaterial=="Magma Ore") then MMon={"Magma Ninja","Lava Pirate"};MPos=CFrame.new( -5428,78, -5959);SP="Default";elseif (SelectMaterial=="Ectoplasm") then MMon={"Ship Deckhand","Ship Engineer","Ship Steward","Ship Officer"};MPos=CFrame.new(911.35827636719,125.95812988281,33159.5390625);SP="Default";local v1570=Vector3.new(61163.8515625,5.342342376708984,1819.7841796875);v99(v1570,18000);elseif (SelectMaterial=="Mystic Droplet") then MMon={"Water Fighter"};MPos=CFrame.new( -3385,239, -10542);SP="Default";elseif (SelectMaterial=="Radioactive Material") then MMon={"Factory Staff"};MPos=CFrame.new(295,73, -56);SP="Default";elseif (SelectMaterial=="Vampire Fang") then MMon={"Vampire"};MPos=CFrame.new( -6033,7, -1317);SP="Default";end elseif World3 then if (SelectMaterial=="Leather + Scrap Metal") then MMon={"Jungle Pirate","Forest Pirate"};MPos=CFrame.new( -11975.78515625,331.7734069824219, -10620.0302734375);SP="Default";elseif (SelectMaterial=="Fish Tail") then MMon={"Fishman Raider","Fishman Captain"};MPos=CFrame.new( -10993,332, -8940);SP="Default";elseif (SelectMaterial=="Conjured Cocoa") then MMon={"Chocolate Bar Battler","Cocoa Warrior"};MPos=CFrame.new(620.6344604492188,78.93644714355469, -12581.369140625);SP="Default";elseif (SelectMaterial=="Dragon Scale") then MMon={"Dragon Crew Warrior"};MPos=CFrame.new(6594,383,139);SP="Default";elseif (SelectMaterial=="Gunpowder") then MMon={"Pistol Billionaire"};MPos=CFrame.new( -469,74,5904);SP="Default";elseif (SelectMaterial=="Mini Tusk") then MMon={"Mythological Pirate"};MPos=CFrame.new( -13545,470, -6917);SP="Default";end end end local v18=0;local v19=1;function AutoHaki() if  not game:GetService("Players").LocalPlayer.Character:FindFirstChild("HasBuso") then local v734=tick();if ((v734-v18)>=v19) then game:GetService("ReplicatedStorage").Remotes.CommF_:InvokeServer("Buso");v18=v734;end end end local v20=0;local v21=0.5;function UnEquipWeapon(v100) local v101=tick();if ((v101-v20)>=v21) then if game.Players.LocalPlayer.Character:FindFirstChild(v100) then getgenv().NotAutoEquip=true;game.Players.LocalPlayer.Character[v100].Parent=game.Players.LocalPlayer.Backpack;getgenv().NotAutoEquip=false;end v20=v101;end end local v22=0;local v23=0.5;function EquipWeapon(v102) local v103=tick();if ((v103-v22)>=v23) then if  not getgenv().NotAutoEquip then local v909=game.Players.LocalPlayer.Backpack:FindFirstChild(v102);if v909 then game.Players.LocalPlayer.Character.Humanoid:EquipTool(v909);end end v22=v103;end end function BTP(v104) local v105=game.Players.LocalPlayer;local v106=v105.Character.HumanoidRootPart;local v107=v105.Character.Humanoid;local v108=v105.PlayerGui.Main;local v109=v104.Position;local v110=v106.Position;repeat v107.Health=0;v106.CFrame=v104;v108.Quest.Visible=false;if ((v106.Position-v110).Magnitude>1) then v110=v106.Position;v106.CFrame=v104;end task.wait(0.5);until (v104.Position-v106.Position).Magnitude<=2000  end function BTPZ(v111) local v112=game.Players.LocalPlayer;if (v112.Character and v112.Character:FindFirstChild("HumanoidRootPart")) then local v735=v112.Character.HumanoidRootPart;v735.CFrame=v111;end end local v24=0;local v25=0.5;function fastpos(v113) local v114=tick();if ((v114-v24)>=v25) then local v737=(v113.Position-game.Players.LocalPlayer.Character.HumanoidRootPart.Position).Magnitude;local v738=1000;local v739=game:GetService("TweenService"):Create(game:GetService("Players").LocalPlayer.Character.HumanoidRootPart,TweenInfo.new(v737/v738 ,Enum.EasingStyle.Linear),{CFrame=v113});v739:Play();v24=v114;end end local v26=0;local v27=0.5;function TPB(v115,v116) local v117=tick();if ((v117-v26)>=v27) then local v740=game:GetService("TweenService");local v741=(v116.CFrame.Position-v115.Position).Magnitude;local v742=getgenv().SpeedBoat;local v743=TweenInfo.new(v741/v742 ,Enum.EasingStyle.Linear);if (v741<=25) then return {Stop=function() end};else local v910=v740:Create(v116,v743,{CFrame=v115});v910:Play();v26=v117;return {Stop=function() v910:Cancel();end};end end end local v22=0;local v23=0.2;function EquipAllWeapon() pcall(function() local v642=tick();if ((v642-v22)>=v23) then for v911,v912 in pairs(game.Players.LocalPlayer.Backpack:GetChildren()) do if (v912:IsA("Tool") and  not ((v912.Name=="Summon Sea Beast") or (v912.Name=="Water Body") or (v912.Name=="Awakening"))) then local v1224=game.Players.LocalPlayer.Backpack:FindFirstChild(v912.Name);if v1224 then game.Players.LocalPlayer.Character.Humanoid:EquipTool(v1224);end end end v22=v642;end end);end function CheckNearestTeleporter(v118) local v119=game.Players.LocalPlayer.Data.Level.Value;local v120=v118.Position;local v121=math.huge;local v122=math.huge;local v123=game.PlaceId;local v124,v125,v126;if (v123==2753915549) then v124=true;elseif (v123==4442272183) then v125=true;elseif (v123==7449423635) then v126=true;end local v127={};if v126 then v127={Mansion=Vector3.new( -12471,374, -7551),Hydra=Vector3.new(5659,1013, -341),["Caslte On The Sea"]=Vector3.new( -5092,315, -3130),["Floating Turtle"]=Vector3.new( -12001,332, -8861),["Beautiful Pirate"]=Vector3.new(5319,23, -93),["Temple Of Time"]=Vector3.new(28286,14897,103)};elseif v125 then v127={["Flamingo Mansion"]=Vector3.new( -317,331,597),["Flamingo Room"]=Vector3.new(2283,15,867),["Cursed Ship"]=Vector3.new(923,125,32853),["Zombie Island"]=Vector3.new( -6509,83, -133)};elseif v124 then v127={["Sky Island 1"]=Vector3.new( -4652,873, -1754),["Sky Island 2"]=Vector3.new( -7895,5547, -380),["Under Water Island"]=Vector3.new(61164,5,1820),["Under Water Island Entrace"]=Vector3.new(3865,5, -1926)};end local v128={};for v643,v644 in pairs(v127) do v128[v643]=(v644-v120).Magnitude;end for v647,v648 in pairs(v128) do if (v648<v121) then v121=v648;v122=v648;end end local v129;for v649,v650 in pairs(v128) do if (v650<=v121) then v129=v127[v649];end end local v130=(v120-game.Players.LocalPlayer.Character.HumanoidRootPart.Position).Magnitude;if (v122<=v130) then return v129;end end function requestEntrance(v131) local v132={"requestEntrance",v131};game.ReplicatedStorage.Remotes.CommF_:InvokeServer(unpack(v132));local v133=game.Players.LocalPlayer.Character.HumanoidRootPart.CFrame;local v134=game.Players.LocalPlayer.Character.HumanoidRootPart;v134.CFrame=CFrame.new(v133.X,v133.Y + 50 ,v133.Z);task.wait(0.5);end function topos(v136) pcall(function() if (game:GetService("Players").LocalPlayer and game:GetService("Players").LocalPlayer.Character and game:GetService("Players").LocalPlayer.Character:FindFirstChild("Humanoid") and game:GetService("Players").LocalPlayer.Character:FindFirstChild("HumanoidRootPart") and (game:GetService("Players").LocalPlayer.Character.Humanoid.Health>0) and game:GetService("Players").LocalPlayer.Character.HumanoidRootPart) then if  not TweenSpeed then TweenSpeed=350;end DefualtY=v136.Y;TargetY=v136.Y;targetCFrameWithDefualtY=CFrame.new(v136.X,DefualtY,v136.Z);targetPos=v136.Position;oldcframe=game.Players.LocalPlayer.Character.HumanoidRootPart.CFrame;Distance=(targetPos-game:GetService("Players").LocalPlayer.Character:WaitForChild("HumanoidRootPart").Position).Magnitude;if (Distance<=300) then game.Players.LocalPlayer.Character.HumanoidRootPart.CFrame=v136;end local v819=CheckNearestTeleporter(v136);if v819 then pcall(function() tween:Cancel();end);requestEntrance(v819);end b1=CFrame.new(game.Players.LocalPlayer.Character.HumanoidRootPart.CFrame.X,DefualtY,game.Players.LocalPlayer.Character.HumanoidRootPart.CFr